61 7
0010000011111110101001001001101010111011011011101001111110010
62 8
00000010100011011000000100101100011111000101011000111100010111
54 1
000100011111111111010000010010101010111001000010100101
69 8
000110101110110101101100100011011111101000000011011000001010110010001
68 6
00111000100111100110001110111101010011001011010011011010011110111101
63 5
100100100101011111000110100010001110100101100011010000110101100
74 4
00110110110100100110111101011101111000000101000111001100010110000100110001
72 0
100010101100100111011101000101111000000111110000101010100111001101010111
70 0
0101010100011000101111100101011111110011000001101111110101001111110001
63 0
011101001010010111100110001010110001001110010110110100011010111
65 8
01101111101011111001010010100011011101011000111000011110010010111
52 6
0101110101000110001011111011101101111110000100000110
50 8
10110101100111001001111100100110000001101001110010
74 6
00001110111100000110000101010001110000001101011011001000111010111110011010
78 7
010011111110010111101000010000111110010100110101100001101111101010011000110101
55 6
0000110001010110101101100001110000100010001001010100010
59 9
01001000010000111001000001000011010101010011010001011010000
56 8
10111111000101010110101101010100011111011000011010000001
50 4
11111111100110010101111000100000100011000010001011
59 5
10010100100010101100010100010100011101010100001000100111010
68 1
01010110110101011110010100111111000010110001011111110000010010101000
52 8
0101110110000110101111001000001001011000010000101001
73 9
1110001101100011001001111001010001110110010111110100000101110000101101000
61 9
1001100010100010100001001001011011100001010111100110110011001
51 3
001000111001100111110001100110011111000011101101110
52 7
0010001111110110001100010001101110110010111100100100
63 2
110101000011111011110011110110110011011001011010000100100101010
67 5
0000010011010011110011100101010101111010001001001111101111101110011
61 4
1000110001101010011111101100100111010001010100010000001000110
75 2
011010101011001010100000100011111011111101111011000011001011010010100011101
59 5
01001101011100111111011011000010011001110111111110110011110
59 2
00011000100110010110001110010111100010001101000101100111101
78 7
011110101100011001001110001110111111101110011111000011011101101011011100001001
62 0
11010100001111110110111010100010110110110110101011110100011110
73 0
1011001010010100001101001000111110100111001010100100010110101111001011100
53 4
00010101000010011110000001100110011110111001100001101
60 0
110110111001011001111010101111011101110011111110100010100100
60 8
110110100000111000111010110101111010010101111110101111010110
73 4
0101001010100110101001011100010110000011011111000110010010010010111010110
77 3
01100110000101101010101010110111101101101001001001110100100101011101010001001
77 3
00110101111101101111011001110100001100010101100110111100001110000001010010110
56 2
00100010000011001001000100011011001000101011110101011100
74 7
10111010101010001101100111110110010101010110011010111010001001011110110110
58 2
0010110100001110001101101100010010000101000101111110001100
58 8
1010001101010111100110111011010111111011100111001111001110
61 7
1110001001000110000111111000100101000001011011100110110000001
57 7
011010111101101110100100111100101001010000101000110111110
63 5
010100010111001110000000101111011110011110101100110000001100001
67 4
1000001110011000001111010110100111011101010011011001111000011111110
68 5
01100011010000010101111011110110010100001101100110001110010101001100
51 5
110100011011100101000101010100111000011011011101110
79 1
1000110111111111000000011010010010110011110101110110110000010000011000110110110
73 1
1011000010110010101111000111100010101001101101010101100101011000100101110
70 7
0100110011101101100011100001110010010000100110010111111000011001000000
71 6
01011101000111111000110111001101110011101101001010001110011101001111100
63 7
000010101111000100011111001100001100000011010001100110111011001
77 4
01010000101011110100110101101101100110001010001011101100110001011000001000010
51 0
001010100010101011000010110000101000010011000100001
60 0
101110001011011111101011010011000100101111110000111111100001
61 4
1101101010110011100110000100001111010000001000001101111110101
64 4
1100100101101010101010011100000000100101001000000010000110001100
53 5
00101110100111111110011101110011100100011100000101001
52 4
0001000001111110011010111010011110000011111100111011
76 9
1001000011010011011111111101100001000001101010001001100011110101000101100001
54 3
101011100100000100000100011010011000011010110001101000
59 3
11011110001110110110111111100010100001001000010110100101000
59 0
01001111011000010110100010001100000000010111101111110101101
73 8
0110111111000000110000011111111001111011100110110110111101111101001101101
65 6
11110101010011000110111001010111000001000110001000100010100000111
77 2
11000001101001100100100010001000010110011111001111010010000011000001100000100
62 9
00001010111001010111111010110010010101100001010011110001010000
73 4
0011101111101110010000111100001000000110100001100101100110001011110100011
57 5
011010010000011000010001101011100100100000011100110101110
66 6
100011000100110011000011000100110100011011100111101001011100101011
56 9
01110100011111101110000000110111010110100001010000101011
75 7
010010101001100011010111010110111011101111000101101100001000111000101010011
69 1
110000111001000011011100010101111111111011001000011011111111111010111
54 5
101100010100100100000011100100000010010000000001010101
66 0
100011000110100011110010001100001111100001100111011000000011111110
79 7
0000100000001111111110100001110101000101111101101110000101110101000110001101001
65 1
10111001011100011100000100010101101111010000111010100000110111010
52 5
0011110000010010001101110101100010110100010111000010
54 4
101011000111010001000010111011101110100011011000001111
57 0
100011110001011111101111100100011011101101010101000011111
74 7
00000100000011111010010000001011111001101000101110010000010111100101011111
59 1
01010000101001001011001111110010001011100101000110111111101
74 4
10100011101010000101110111011011010011111111101000011011010100000011110111
59 8
11100011110100111001101110001111011100011000100111010101111
79 4
0100111100111000001001011110100011110001100011000010011011001001000011011001010
63 7
010100000010010001110110011100101100011011000101010111110111000
70 8
1111101111000101000100100011000101011100010111101111001001011001000110
53 1
00100011111111001111111011000011101000100100000001100
75 8
110010110001100110111111011011001010011011001010000111001011001100110101100
62 6
01011010101011110011111101001110000111000010001101000010010000
76 3
0001101010111101010011101010101100101111001100101000011110010110010010000011
51 3
111000110000101110110110110000001010110011101110001
68 8
01011000000111110110100100011000010111000110101010011110110100010100
79 3
0110101101111110110101110111011001101111011100010011000101100101001000010010011
59 3
00000001100111010010001000101011010100010110010010111000001
61 7
0101001100111110011001001010000010000100100000000000111110111
