100
4611686018427387902
4611686018427387900
4611686018427387898
4611686018427387896
4611686018427387894
4611686018427387892
4611686018427387890
4611686018427387888
4611686018427387886
4611686018427387884
4611686018427387882
4611686018427387880
4611686018427387878
4611686018427387876
4611686018427387874
4611686018427387872
4611686018427387870
4611686018427387868
4611686018427387866
4611686018427387864
4611686018427387862
4611686018427387860
4611686018427387858
4611686018427387856
4611686018427387854
4611686018427387852
4611686018427387850
4611686018427387848
4611686018427387846
4611686018427387844
4611686018427387842
4611686018427387840
4611686018427387838
4611686018427387836
4611686018427387834
4611686018427387832
4611686018427387830
4611686018427387828
4611686018427387826
4611686018427387824
4611686018427387822
4611686018427387820
4611686018427387818
4611686018427387816
4611686018427387814
4611686018427387812
4611686018427387810
4611686018427387808
4611686018427387806
4611686018427387804
4611686018427387802
4611686018427387800
4611686018427387798
4611686018427387796
4611686018427387794
4611686018427387792
4611686018427387790
4611686018427387788
4611686018427387786
4611686018427387784
4611686018427387782
4611686018427387780
4611686018427387778
4611686018427387776
4611686018427387774
4611686018427387772
4611686018427387770
4611686018427387768
4611686018427387766
4611686018427387764
4611686018427387762
4611686018427387760
4611686018427387758
4611686018427387756
4611686018427387754
4611686018427387752
4611686018427387750
4611686018427387748
4611686018427387746
4611686018427387744
4611686018427387742
4611686018427387740
4611686018427387738
4611686018427387736
4611686018427387734
4611686018427387732
4611686018427387730
4611686018427387728
4611686018427387726
4611686018427387724
4611686018427387722
4611686018427387720
4611686018427387718
4611686018427387716
4611686018427387714
4611686018427387712
4611686018427387710
4611686018427387708
4611686018427387706
4611686018427387704
