<<<<<<< HEAD
Case #1: 1234
Case #2: 12
=======
1000 0
0
0
0
0
500 0
0
0
0
0
250 0
0
0
0
0
125 0
0
0
0
0
62.5 0
0
0
0
0
62.5 31.25
0
0
0
0
46.875 31.25
0
0
0
0
39.0625 31.25
0
0
0
0
35.1562 31.25
0
0
0
0
35.1562 33.2031
0
0
0
0
34.1797 33.2031
0
0
0
0
34.1797 33.6914
0
0
0
0
34.1797 33.9355
0
0
0
0
34.0576 33.9355
0
0
0
0
34.0576 33.9966
0
0
0
0
34.0271 33.9966
0
0
0
0
34.0118 33.9966
0
0
0
0
34.0042 33.9966
0
0
0
0
34.0004 33.9966
0
0
0
0
34.0004 33.9985
0
0
0
0
34.0004 33.9994
0
0
0
0
34.0004 33.9999
0
0
0
0
34.0002 33.9999
0
0
0
0
34 33.9999
0
0
0
0
34 34
0
0
0
0
34 34
0
0
0
0
34 34
0
0
0
0
34 34
0
0
0
0
34 34
0
0
0
0
34 34
0
0
0
0
34
>>>>>>> b8e2953195ad6ea593511d075eee2df4c7c0f8a9
